98: 351 353 354 355 356 357 358 359 360 361 362 364 365 366 367 368 369 370 371 372 373 374 375 377 378 379 380 381 382 383 384 385 386 387 388 389 405 409 410 411 412 413 414 415 416 424 425 427 428 429 430 431 432 433 434 435 436 437 438 439 440 441 442 446 448 450 453 455 456 457 458 459 461 462 464 465 466 467 468 469 470 471 472 473 475 476 481 482 483 484 485 486 487 488 489 490 492 495
64: 16 17 25 29 30 31 32 43 45 49 56 79 85 86 87 90 91 92 93 95 111 129 130 131 132 135 136 137 138 139 140 141 142 143 144 147 149 155 156 159 160 161 162 163 165 166 169 170 171 177 180 181 182 192 193 199 212 217 223 230 233 235 247 316
56: 2 3 5 7 9 10 11 12 13 27 36 39 42 47 48 51 52 53 54 57 59 60 64 65 66 67 68 69 70 71 72 73 74 75 77 78 80 83 84 89 94 100 101 268 269 278 280 281 282 283 284 285 287 290 291 499
55: 301 302 308 311 313 320 322 323 324 325 326 327 328 329 330 331 332 333 334 335 336 337 338 339 340 341 342 343 392 393 394 395 396 397 398 399 400 401 402 403 404 406 407 408 419 420 422 423 444 445 447 449 454 463 493
53: 18 26 34 35 50 82 88 96 98 108 109 133 134 145 146 148 150 151 152 157 164 167 168 173 176 187 195 197 198 200 201 205 206 207 209 218 221 227 228 229 232 234 236 237 238 239 241 244 245 246 265 267 270
52: 102 103 104 105 106 107 110 117 118 120 126 186 188 189 190 191 196 202 203 204 208 219 225 240 256 257 258 259 261 297 303 304 305 306 307 309 310 312 314 315 317 318 319 321 391 418 421 426 443 451 452 460
48: 1 4 14 15 19 20 21 22 23 24 33 37 38 40 41 44 46 55 58 61 62 63 81 97 99 112 113 114 125 154 158 172 174 175 178 179 183 184 194 211 213 214 216 226 242 243 248 298
36: 6 8 76 266 271 272 273 274 275 276 277 279 286 288 289 292 293 294 295 296 299 300 347 352 376 390 474 477 478 479 480 496 497 500 502 505
28: 28 115 116 119 121 122 123 124 127 128 153 185 210 215 220 222 224 231 249 250 251 252 253 254 255 260 262 417
27: 263 264 344 345 346 348 349 350 363 491 494 498 501 503 504 506 507 508 509 510 511 512 513 514 515 516 517
